version https://git-lfs.github.com/spec/v1
oid sha256:c167cabb335f3491ae79b6ecbaab298a5e2dbb675cc08be41d3205df0f355528
size 4382886
